camera_params:
  cx: 640
  cy: 360
  fx: 908.45373535
  fy: 908.45037842
  image_height: 720
  image_width: 1280
  png_depth_scale: 1000.0
dataset_name: d435_t265